*** state frames
0 9
1 9
2 9
3 9
4 6
5 6
6 6
7 6
8 6
9 9
10 9
11 9
12 9
13 6
14 6
15 6
16 6
17 6
18 9
19 9
20 9
21 9
22 6
23 6
24 6
25 6
26 6
27 9
28 9
29 9
30 9
31 6
32 6
33 6
34 6
35 6
36 9
37 9
38 9
39 9
40 6
41 6
42 6
43 6
44 6
45 9
46 9
47 9
48 9
49 6
50 6
51 6
52 6
53 6
54 9
55 9
56 9
57 9
58 6
59 6
60 6
61 6
62 6
63 9
64 9
65 9
66 9
67 6
68 6
69 6
70 6
71 6
72 9
73 9
74 9
75 9
76 6
77 6
78 6
79 6
80 6
81 9
82 9
83 9
84 9
85 6
86 6
87 6
88 6
89 6
90 9
91 9
92 9
93 9
94 6
95 6
96 6
97 6
98 6
99 9
100 9
101 9
102 9
103 6
104 6
105 6
106 6
107 6
108 9
109 9
110 9
111 9
112 6
113 6
114 6
115 6
116 6
117 9
118 9
119 9
120 9
121 6
122 6
123 6
124 6
125 6
