*** state frames
0 9
1 9
2 9
3 9
4 6
5 6
6 6
7 6
8 8
9 8
10 8
11 8
12 6
13 6
14 6
15 6
16 9
17 9
18 9
19 9
20 13
21 13
22 13
23 13
24 6
25 9
26 9
27 9
28 9
29 6
30 6
31 6
32 6
33 8
34 8
35 8
36 8
37 6
38 6
39 6
40 6
41 9
42 9
43 9
44 9
45 13
46 13
47 13
48 13
49 6
50 9
51 9
52 9
53 9
54 6
55 6
56 6
57 6
58 8
59 8
60 8
61 8
62 6
63 6
64 6
65 6
66 9
67 9
68 9
69 9
70 13
71 13
72 13
73 13
74 6
75 9
76 9
77 9
78 9
79 6
80 6
81 6
82 6
83 8
84 8
85 8
86 8
87 6
88 6
89 6
90 6
91 9
92 9
93 9
94 9
95 13
96 13
97 13
98 13
99 6
