*** state frames
0 9
1 9
2 9
3 9
4 6
5 6
6 6
7 6
8 13
9 13
10 13
11 13
12 6
13 9
14 9
15 9
16 9
17 6
18 6
19 6
20 6
21 13
22 13
23 13
24 13
25 6
26 9
27 9
28 9
29 9
30 6
31 6
32 6
33 6
34 13
35 13
36 13
37 13
38 6
39 9
40 9
41 9
42 9
43 6
44 6
45 6
46 6
47 13
48 13
49 13
50 13
51 6
52 9
53 9
54 9
55 9
56 6
57 6
58 6
59 6
60 13
61 13
62 13
63 13
64 6
65 9
66 9
67 9
68 9
69 6
70 6
71 6
72 6
73 13
74 13
75 13
76 13
77 6
78 9
79 9
80 9
81 9
82 6
83 6
84 6
85 6
86 13
87 13
88 13
89 13
90 6
91 9
92 9
93 9
94 9
95 6
96 6
97 6
98 6
99 13
100 13
101 13
102 13
103 6
104 9
105 9
106 9
107 9
108 6
109 6
110 6
111 6
112 13
113 13
114 13
115 13
116 6
117 9
118 9
119 9
120 9
121 6
122 6
123 6
124 6
125 13
126 13
127 13
128 13
129 6
130 9
131 9
132 9
133 9
134 6
135 6
136 6
137 6
138 13
139 13
140 13
141 13
142 6
143 9
144 9
145 9
146 9
147 6
148 6
149 6
150 6
151 13
152 13
153 13
154 13
155 6
156 9
157 9
158 9
159 9
160 6
161 6
162 6
163 6
164 13
165 13
166 13
167 13
168 6
